-1.383887215692617967e-01 2.617273902470514113e-02 -1.851679552155724093e-02
-1.516997798538126385e-01 1.924344584815243508e-02 4.203397754188676998e-03
-1.637488563860757529e-01 2.089041386656863633e-02 2.765041897028815490e-02
-1.636167512492052722e-01 1.008193676921503683e-02 2.754312221597453314e-02
-1.534269666909526264e-01 1.164585697550622918e-02 9.954424958975990542e-03
-9.358535110946175628e-02 -6.388357651955769989e-02 3.900354519149659693e-02
-1.946952297797485965e-01 -1.110443740013451613e-01 6.686284961114059844e-02
-1.768547246156197683e-01 4.437931394042079342e-02 3.750047807986124637e-02
-1.436877246694878707e-01 -1.652434045091223007e-03 3.304940850089960885e-02
-1.939419770645877117e-01 -1.214465911265461551e-01 5.753791726348388147e-02
-1.822537343822001055e-01 5.396908442271545342e-02 3.151830909007158343e-02
-1.838759886143558619e-01 -1.234453243344837553e-01 4.822243134502193773e-02
-1.695146196170881636e-01 -1.075678899380124037e-01 3.517970088328257333e-02
-1.079249550759406595e-01 -8.973738261559362217e-02 4.094835054959627269e-02
-1.703707429868430434e-01 4.644592555646995247e-02 3.017487057242107182e-02
-1.638613014283668845e-01 2.017946872884896631e-02 3.985713821302841464e-02
-1.706002945887580280e-01 2.416013643155160220e-02 2.557941416109015334e-02
-1.530064655726706968e-01 2.815774659721976755e-02 -2.138268333851773076e-02
-1.678600864912476731e-01 -1.846985494516126605e-02 2.497072687833836596e-02
-1.356255073517689258e-01 -9.934039926316502733e-02 4.301050710527391796e-02
