-5.090747976443695144e+00 -1.545574361899943794e+00 1.775892890004197255e+01
-4.831563888500761905e+00 -1.661149187896301394e+00 1.789279013566444121e+01
-3.247291345396553286e+00 -1.292595030285730084e+00 1.797450052669531928e+01
-3.486038070551166435e+00 -1.381760754006738923e+00 1.815879417220627445e+01
-3.920967351042118576e+00 -1.287547866200484226e+00 1.802292906610587409e+01
-3.781702843977186923e+00 -2.655015592552016024e+00 1.696626393254154408e+01
-1.798645350250633879e+00 -1.350715568217968787e+00 1.787548095403597159e+01
-3.019714024702368604e+00 -1.404819851010654208e+00 1.799456484202155337e+01
-3.697063033186595682e+00 -1.735844947840896824e+00 1.779662116109393821e+01
-2.760214299924976356e+00 -1.182239444924029881e+00 1.767772969362405178e+01
-2.912630919466557611e+00 -1.372782685670209002e+00 1.810608467499948304e+01
-3.586894547360687469e+00 -1.534243064338929097e+00 1.755043518201146568e+01
-2.495035861773387431e+00 -1.116726158642902478e+00 1.783303514747199259e+01
-3.472640190609561195e+00 -2.574965834681528065e+00 1.711990450471041569e+01
-3.069793479624630006e+00 -1.474264482212820360e+00 1.798900845621086830e+01
-3.004491492973808686e+00 -1.458354586612195858e+00 1.813528940181746663e+01
-3.450970096754435890e+00 -1.416318358283199963e+00 1.810169469318934432e+01
-5.585901804043358787e+00 -1.486620294729022351e+00 1.771503108065097720e+01
-3.821916461856752267e+00 -1.601114403676383358e+00 1.780004595261976164e+01
-3.049307776593025654e+00 -1.961737916133978743e+00 1.738804887270424260e+01
