-9.312272328630237517e-02 3.249011356642034914e-02 -1.015654850673114624e-02
-1.420573919234214000e-01 4.405498326868278330e-02 -1.495091350870534144e-02
-1.671768028906778225e-01 -2.003528643963058825e-02 -4.771184867771402494e-02
-1.340239869698284791e-01 3.319071598816841079e-02 -8.550700634973424155e-03
-9.646730833724016796e-02 1.399410544470033879e-01 -7.348672598683458901e-02
-1.843413130836789038e-01 6.952940857903508985e-03 -1.724275513135198334e-02
-9.152764544809673108e-02 3.594123291568792483e-02 7.337304617169466145e-04
-6.873934490569308386e-02 6.204249477712239086e-02 -5.356500098688388167e-02
-6.972321227152390721e-02 -7.277794619345602511e-02 3.112760949690924648e-04
-3.065181908582818582e-01 3.184699152760667173e-02 8.203150303177619493e-03
-1.065807135406314360e-01 3.208169981212255495e-02 -5.839879318188652586e-03
-1.164062182228432357e-01 3.358886453241625297e-02 -1.027985555798925123e-02
-9.081803585562943371e-02 4.293414678851064509e-02 -1.069031476122009328e-02
-9.932271380562243679e-02 3.113044345203479571e-02 -3.562854088033487032e-03
-1.048697330046882287e-01 4.720493159861596094e-02 -1.773993521003926557e-02
-1.065386624289261924e-01 4.052359566489149856e-02 -1.164107132848163535e-02
-8.380152464436356474e-02 1.313883684501131188e-01 -4.735347173687434047e-02
-8.952834794798583684e-02 4.599891114720984497e-02 -7.196704164159716151e-03
-2.919018397111134977e-01 -3.696491231727627724e-02 -4.491121854817505671e-02
