-5.067202657681206368e+00 -1.767410673575237956e+00 1.135223385043042121e+01
-4.779747941780816411e+00 -4.322926350465244871e-01 1.156359366393792598e+01
-6.011851364560105715e+00 -1.822127620138769499e+00 1.388813397546707940e+01
-4.634148572300225588e+00 -2.509852208922925598e+00 1.304321074895887733e+01
-4.593781748582644653e+00 -1.115506469002048417e+00 1.194280887206519814e+01
-5.316776504792182223e+00 -1.699416456171799927e+00 1.401704125829914283e+01
-4.969390651183320351e+00 -1.569075194034717402e+00 1.117205374954826169e+01
-5.382268155057687409e+00 -1.446318095071283727e+00 1.166934794096687966e+01
-6.128815246054664101e+00 -1.529460970319505675e+00 1.125278622381468274e+01
-4.403827047151505525e+00 -1.448117520361798805e-01 1.414594442819083575e+01
-5.072543775950753009e+00 -1.653018738589770109e+00 1.144078418574512845e+01
-5.067625180044963429e+00 -2.082238914362633420e+00 1.167508076868958433e+01
-4.784012017363391323e+00 -1.701943070040267791e+00 1.122558621462787443e+01
-5.065794398240341501e+00 -1.761230216428091744e+00 1.136020558216331722e+01
-4.707298224362299166e+00 -1.171757327420581918e+00 1.133110443649256638e+01
-5.006193473388796278e+00 -1.691152631590716826e+00 1.165618220885407297e+01
-4.031805273932549838e+00 -1.417414153915571129e+00 1.161172754269575336e+01
-4.647284052344271998e+00 -1.484215330934758770e+00 1.121055868853748017e+01
-6.426334721974956032e+00 5.507563300182845983e-02 1.409363131528474433e+01
