-9.020655818941179793e-02 7.513349273934659400e-02 -3.201266542827663208e-02
-1.037335834204846929e-01 1.775478984520044781e-02 -1.165281178607915566e-02
-6.435491931761087858e-02 -9.610912382168174117e-02 1.534189047093903122e-02
-1.161421709786339268e-01 8.372713867534728460e-03 -2.679812755239770888e-02
-9.133653003880685961e-02 -1.749868197789643601e-02 1.515521213727593058e-03
-1.065182595232466028e-01 7.580935868672893096e-02 -3.617775966397294291e-02
-8.638059484783609798e-02 -5.614394733976228041e-02 -3.344368421159164741e-03
-1.195738363962141476e-01 -8.295953231529157312e-02 1.788520054221303182e-02
-7.918203871190612753e-02 -1.441795202446393385e-02 1.390782746091234930e-03
-9.850707287705733062e-02 -2.107523791543502219e-03 4.941364736284718263e-03
-1.152243472421751874e-01 9.891895595548298725e-02 -3.422962560217824440e-02
-7.471371167134815972e-02 -9.962132661077824358e-02 1.871401872816974045e-03
-8.997957396302840027e-02 -2.019620705031472188e-02 9.669123365731849273e-03
-1.105352688091687241e-01 7.234245381598994329e-02 -1.897323808202071652e-02
-1.022865259435085522e-01 -1.894278647850223011e-03 -3.958231466457728769e-03
-8.208120068150552562e-02 -8.369865949531028748e-02 7.944112655477236426e-03
