-1.613468931246156979e+00 -1.137888055785074126e+00 1.188802704644675146e+01
-2.469784081645121976e+00 -1.164097409757509860e+00 1.152323552131751683e+01
-3.009601920108055051e+00 -1.708730193227171679e+00 1.089162321877715911e+01
-3.740589693557884399e+00 -9.654120255744381707e-01 1.182445831569016548e+01
-2.999246476828615116e+00 -1.380584855830193858e+00 1.140882084800410290e+01
-2.919639195135609544e+00 -1.123247086220252600e+00 1.193102207494240297e+01
-2.913262353674527461e+00 -1.372750258130033929e+00 1.116952681885033094e+01
-3.626223199411737763e+00 -9.443925217803946781e-01 1.139993538251218652e+01
-2.311939526528219879e+00 -1.402537609908182104e+00 1.148776925585996800e+01
-2.917124048752891774e+00 -1.313540481805512972e+00 1.151891310023674819e+01
-2.242611760471121762e+00 -9.116007034375327445e-01 1.210785228010426806e+01
-2.987977784205157583e+00 -1.561153617473616917e+00 1.084824274416085110e+01
-3.442893778756227263e+00 -1.463972649491020128e+00 1.148544003361660337e+01
-2.171677986161532292e+00 -1.052683710419447527e+00 1.186599217546278950e+01
-2.886013509355814133e+00 -1.184549341248980037e+00 1.157776092960594916e+01
-2.724896469151607992e+00 -1.498417452298806074e+00 1.096353296059652038e+01
